function Be = Be_cst_func(in1,in2,in3)
%Be_cst_func
%    Be = Be_cst_func(IN1,IN2,IN3)

%    This function was generated by the Symbolic Math Toolbox version 24.2.
%    22-Jan-2025 11:42:07

xe11 = in1(1,:);
xe12 = in1(2,:);
xe21 = in2(1,:);
xe22 = in2(2,:);
xe31 = in3(1,:);
xe32 = in3(2,:);
t2 = xe11.*xe22;
t3 = xe12.*xe21;
t4 = xe11.*xe32;
t5 = xe12.*xe31;
t6 = xe21.*xe32;
t7 = xe22.*xe31;
t8 = -xe21;
t9 = -xe22;
t10 = -xe31;
t11 = -xe32;
t12 = -t3;
t13 = -t4;
t14 = -t7;
t15 = t8+xe11;
t16 = t9+xe12;
t17 = t10+xe11;
t18 = t11+xe12;
t19 = t10+xe21;
t20 = t11+xe22;
t21 = t2+t5+t6+t12+t13+t14;
t22 = 1.0./t21;
t23 = t15.*t22;
t24 = t16.*t22;
t25 = t17.*t22;
t26 = t18.*t22;
t27 = t19.*t22;
t28 = t20.*t22;
t29 = -t23;
t30 = -t26;
t31 = -t27;
Be = reshape([t28,0.0,t31,0.0,t31,t28,t30,0.0,t25,0.0,t25,t30,t24,0.0,t29,0.0,t29,t24],[3,6]);
end
