function invFisop = invFisop_4node_func(in1,in2,in3,in4,in5)
%invFisop_4node_func
%    invFisop = invFisop_4node_func(IN1,IN2,IN3,IN4,IN5)

%    This function was generated by the Symbolic Math Toolbox version 23.2.
%    24-Feb-2025 15:40:04

xe11 = in2(1,:);
xe12 = in2(2,:);
xe21 = in3(1,:);
xe22 = in3(2,:);
xe31 = in4(1,:);
xe32 = in4(2,:);
xe41 = in5(1,:);
xe42 = in5(2,:);
xi1 = in1(1,:);
xi2 = in1(2,:);
t2 = xe11.*xe22;
t3 = xe12.*xe21;
t4 = xe11.*xe42;
t5 = xe12.*xe41;
t6 = xe21.*xe32;
t7 = xe22.*xe31;
t8 = xe31.*xe42;
t9 = xe32.*xe41;
t12 = xe11.*xe32.*xi1;
t13 = xe12.*xe31.*xi1;
t14 = xe11.*xe32.*xi2;
t15 = xe12.*xe31.*xi2;
t20 = xe21.*xe42.*xi1;
t21 = xe22.*xe41.*xi1;
t22 = xe21.*xe42.*xi2;
t23 = xe22.*xe41.*xi2;
t26 = -xe31;
t27 = -xe32;
t10 = t2.*xi2;
t11 = t3.*xi2;
t16 = t4.*xi1;
t17 = t5.*xi1;
t18 = t6.*xi1;
t19 = t7.*xi1;
t24 = t8.*xi2;
t25 = t9.*xi2;
t28 = -t3;
t29 = -t4;
t30 = -t7;
t31 = -t9;
t33 = -t12;
t34 = -t15;
t37 = -t20;
t38 = -t22;
t32 = -t10;
t35 = -t17;
t36 = -t19;
t39 = -t25;
t40 = t2+t5+t6+t8+t11+t13+t14+t16+t18+t21+t23+t24+t28+t29+t30+t31+t32+t33+t34+t35+t36+t37+t38+t39;
t41 = 1.0./t40;
invFisop = reshape([t41.*(t27+xe12+xe22-xe42+t27.*xi1-xe12.*xi1+xe22.*xi1+xe42.*xi1).*-2.0,t41.*(t27+xe12-xe22+xe42+t27.*xi2-xe12.*xi2+xe22.*xi2+xe42.*xi2).*2.0,t41.*(t26+xe11+xe21-xe41+t26.*xi1-xe11.*xi1+xe21.*xi1+xe41.*xi1).*2.0,t41.*(t26+xe11-xe21+xe41+t26.*xi2-xe11.*xi2+xe21.*xi2+xe41.*xi2).*-2.0],[2,2]);
end
